Herbrant distance:	2110.0
Herbrant accuracy (classic normalization):	0.9879588203067933
Hscore (Herbrant score: new normalization):	0.0023640661938534313
Accuracy:	0.9879518760242333
Precision:	0.7142857142857143
Recall:	0.00236630383341221
F1score:	0.0047169811320754715
==================================================================
TP:	5.0
TN:	173016.0
FP:	2.0
FN:	2108.0
