Herbrant distance:	588.0
Herbrant accuracy (classic normalization):	0.9871970736168267
Hscore (Herbrant score: new normalization):	0.020000000000000018
Accuracy:	0.9871691360988064
Precision:	0.024
Recall:	0.10714285714285714
F1score:	0.0392156862745098
==================================================================
TP:	12.0
TN:	45227.0
FP:	488.0
FN:	100.0
