Herbrant distance:	2686.0
Herbrant accuracy (classic normalization):	0.9343773667880091
Hscore (Herbrant score: new normalization):	0.12250898399215937
Accuracy:	0.9342102040316457
Precision:	0.15054195102368526
Recall:	0.3968253968253968
F1score:	0.21827706635622818
==================================================================
TP:	375.0
TN:	37766.0
FP:	2116.0
FN:	570.0
