Herbrant distance:	64.0
Herbrant accuracy (classic normalization):	0.9986282578875172
Hscore (Herbrant score: new normalization):	0.6799999999999999
Accuracy:	0.9986253114528739
Precision:	0.68
Recall:	1.0
F1score:	0.8095238095238095
==================================================================
TP:	136.0
TN:	46356.0
FP:	64.0
FN:	0.0
