Herbrant distance:	2627.0
Herbrant accuracy (classic normalization):	0.9331994100595026
Hscore (Herbrant score: new normalization):	0.005301022340022721
Accuracy:	0.9330291133431907
Precision:	0.027131782945736434
Recall:	0.0065451145395044414
F1score:	0.010546139359698684
==================================================================
TP:	14.0
TN:	36585.0
FP:	502.0
FN:	2125.0
