Herbrant distance:	2416.0
Herbrant accuracy (classic normalization):	0.9862125639152666
Hscore (Herbrant score: new normalization):	0.0004137360364088183
Accuracy:	0.986204612547179
Precision:	0.003278688524590164
Recall:	0.000473260766682442
F1score:	0.0008271298593879239
==================================================================
TP:	1.0
TN:	172714.0
FP:	304.0
FN:	2112.0
