Herbrant distance:	987.0
Herbrant accuracy (classic normalization):	0.9645575983912669
Hscore (Herbrant score: new normalization):	0.07149576669802449
Accuracy:	0.9644285868742567
Precision:	0.19338422391857507
Recall:	0.10187667560321716
F1score:	0.13345039508340648
==================================================================
TP:	76.0
TN:	26684.0
FP:	317.0
FN:	670.0
