Herbrant distance:	2447.0
Herbrant accuracy (classic normalization):	0.9329901141933894
Hscore (Herbrant score: new normalization):	0.11050527081061434
Accuracy:	0.9328061070379219
Precision:	0.11476028690071725
Recall:	0.7487684729064039
F1score:	0.19901800327332245
==================================================================
TP:	304.0
TN:	33666.0
FP:	2345.0
FN:	102.0
