Herbrant distance:	14078.0
Herbrant accuracy (classic normalization):	0.6337669094693028
Hscore (Herbrant score: new normalization):	0.007822961449009846
Accuracy:	0.632811684924361
Precision:	0.007822961449009796
Recall:	1.0
F1score:	0.015524475524475525
==================================================================
TP:	111.0
TN:	24151.0
FP:	14078.0
FN:	0.0
