Herbrant distance:	219.0
Herbrant accuracy (classic normalization):	0.9971622934888241
Hscore (Herbrant score: new normalization):	0.3047619047619048
Accuracy:	0.99715861174181
Precision:	0.3047619047619048
Recall:	1.0
F1score:	0.4671532846715329
==================================================================
TP:	96.0
TN:	76760.0
FP:	219.0
FN:	0.0
