Herbrant distance:	2016.0
Herbrant accuracy (classic normalization):	0.9825072886297376
Hscore (Herbrant score: new normalization):	0.11733800350262702
Accuracy:	0.9824920971271754
Precision:	0.11733800350262696
Recall:	1.0
F1score:	0.21003134796238243
==================================================================
TP:	268.0
TN:	112864.0
FP:	2016.0
FN:	0.0
