Herbrant distance:	1.0
Herbrant accuracy (classic normalization):	0.9999876139516448
Hscore (Herbrant score: new normalization):	0.9848484848484849
Accuracy:	0.9999875985912
Precision:	0.9848484848484849
Recall:	1.0
F1score:	0.9923664122137404
==================================================================
TP:	65.0
TN:	80570.0
FP:	1.0
FN:	0.0
