Herbrant distance:	236.0
Herbrant accuracy (classic normalization):	0.9948614104992706
Hscore (Herbrant score: new normalization):	0.032786885245901676
Accuracy:	0.9948501974818339
Precision:	0.05714285714285714
Recall:	0.07142857142857142
F1score:	0.06349206349206349
==================================================================
TP:	8.0
TN:	45583.0
FP:	132.0
FN:	104.0
