Herbrant distance:	4302.0
Herbrant accuracy (classic normalization):	0.9618964952215618
Hscore (Herbrant score: new normalization):	0.03887399463806973
Accuracy:	0.9618620402301398
Precision:	0.0388739946380697
Recall:	1.0
F1score:	0.07483870967741936
==================================================================
TP:	174.0
TN:	108325.0
FP:	4302.0
FN:	0.0
