Herbrant distance:	2600.0
Herbrant accuracy (classic normalization):	0.9338859787417993
Hscore (Herbrant score: new normalization):	0.005355776587605221
Accuracy:	0.933717432315301
Precision:	0.028629856850715747
Recall:	0.0065451145395044414
F1score:	0.0106544901065449
==================================================================
TP:	14.0
TN:	36612.0
FP:	475.0
FN:	2125.0
