Herbrant distance:	120.0
Herbrant accuracy (classic normalization):	0.9990699981399963
Hscore (Herbrant score: new normalization):	0.14893617021276595
Accuracy:	0.9990692768280954
Precision:	0.8076923076923077
Recall:	0.15441176470588236
F1score:	0.25925925925925924
==================================================================
TP:	21.0
TN:	128791.0
FP:	5.0
FN:	115.0
