Herbrant distance:	11.0
Herbrant accuracy (classic normalization):	0.9999186673271866
Hscore (Herbrant score: new normalization):	0.9316770186335404
Accuracy:	0.9999186071462925
Precision:	0.9316770186335404
Recall:	1.0
F1score:	0.9646302250803859
==================================================================
TP:	150.0
TN:	134986.0
FP:	11.0
FN:	0.0
