Herbrant distance:	385.0
Herbrant accuracy (classic normalization):	0.9799562682215743
Hscore (Herbrant score: new normalization):	0.21106557377049184
Accuracy:	0.9798513711534436
Precision:	0.21106557377049182
Recall:	1.0
F1score:	0.34856175972927245
==================================================================
TP:	103.0
TN:	18620.0
FP:	385.0
FN:	0.0
