Herbrant distance:	23256.0
Herbrant accuracy (classic normalization):	0.38201530612244894
Hscore (Herbrant score: new normalization):	0.004920628128877724
Accuracy:	0.3803522421464922
Precision:	0.004920628128877669
Recall:	1.0
F1score:	0.009793068210849017
==================================================================
TP:	115.0
TN:	14160.0
FP:	23256.0
FN:	0.0
