Herbrant distance:	2899.0
Herbrant accuracy (classic normalization):	0.9410196940104166
Hscore (Herbrant score: new normalization):	0.04038397881496192
Accuracy:	0.940899453641034
Precision:	0.04058549567531603
Recall:	0.8905109489051095
F1score:	0.07763283487114221
==================================================================
TP:	122.0
TN:	46031.0
FP:	2884.0
FN:	15.0
