Herbrant distance:	2116.0
Herbrant accuracy (classic normalization):	0.962962962962963
Hscore (Herbrant score: new normalization):	0.0032972209138012465
Accuracy:	0.9628980221629962
Precision:	0.03553299492385787
Recall:	0.0036213140196585617
F1score:	0.006572769953051644
==================================================================
TP:	7.0
TN:	54909.0
FP:	190.0
FN:	1926.0
