Herbrant distance:	423.0
Herbrant accuracy (classic normalization):	0.9842949431944754
Hscore (Herbrant score: new normalization):	0.14717741935483875
Accuracy:	0.9842364164865469
Precision:	0.14717741935483872
Recall:	1.0
F1score:	0.2565905096660808
==================================================================
TP:	73.0
TN:	26338.0
FP:	423.0
FN:	0.0
