Herbrant distance:	169.0
Herbrant accuracy (classic normalization):	0.9947144554950897
Hscore (Herbrant score: new normalization):	0.1633663366336634
Accuracy:	0.9946977065227622
Precision:	1.0
Recall:	0.16336633663366337
F1score:	0.28085106382978725
==================================================================
TP:	33.0
TN:	31671.0
FP:	0.0
FN:	169.0
