Herbrant distance:	2844.0
Herbrant accuracy (classic normalization):	0.9530321046373365
Hscore (Herbrant score: new normalization):	0.03396739130434778
Accuracy:	0.9529544101105009
Precision:	0.03397893306150187
Recall:	0.9900990099009901
F1score:	0.0657030223390276
==================================================================
TP:	100.0
TN:	57508.0
FP:	2843.0
FN:	1.0
