Herbrant distance:	2596.0
Herbrant accuracy (classic normalization):	0.9839069629041857
Hscore (Herbrant score: new normalization):	0.0003850596842510656
Accuracy:	0.9838969803736695
Precision:	1.0
Recall:	0.0003850596842510589
F1score:	0.0007698229407236336
==================================================================
TP:	1.0
TN:	158615.0
FP:	0.0
FN:	2596.0
