Herbrant distance:	9111.0
Herbrant accuracy (classic normalization):	0.931296328414258
Hscore (Herbrant score: new normalization):	0.020322580645161237
Accuracy:	0.9312444816734962
Precision:	0.02032258064516129
Recall:	1.0
F1score:	0.03983559911476446
==================================================================
TP:	189.0
TN:	123213.0
FP:	9111.0
FN:	0.0
