Herbrant distance:	506.0
Herbrant accuracy (classic normalization):	0.9965260614049541
Hscore (Herbrant score: new normalization):	0.021276595744680882
Accuracy:	0.9965236030861611
Precision:	1.0
Recall:	0.02127659574468085
F1score:	0.04166666666666667
==================================================================
TP:	11.0
TN:	145036.0
FP:	0.0
FN:	506.0
