Herbrant distance:	14.0
Herbrant accuracy (classic normalization):	0.9991998171010517
Hscore (Herbrant score: new normalization):	0.8227848101265822
Accuracy:	0.999195171026157
Precision:	0.8227848101265823
Recall:	1.0
F1score:	0.9027777777777779
==================================================================
TP:	65.0
TN:	17316.0
FP:	14.0
FN:	0.0
