Herbrant distance:	1743.0
Herbrant accuracy (classic normalization):	0.9845619691239382
Hscore (Herbrant score: new normalization):	0.05425935973955509
Accuracy:	0.984548283290338
Precision:	0.05425935973955507
Recall:	1.0
F1score:	0.10293360782295419
==================================================================
TP:	100.0
TN:	110960.0
FP:	1743.0
FN:	0.0
