Herbrant distance:	97.0
Herbrant accuracy (classic normalization):	0.999140855424568
Hscore (Herbrant score: new normalization):	0.03960396039603964
Accuracy:	0.9991400937918318
Precision:	0.8
Recall:	0.04
F1score:	0.07619047619047618
==================================================================
TP:	4.0
TN:	112702.0
FP:	1.0
FN:	96.0
