Herbrant distance:	86.0
Herbrant accuracy (classic normalization):	0.9990421029182446
Hscore (Herbrant score: new normalization):	0.14
Accuracy:	0.9990410347903658
Precision:	1.0
Recall:	0.14
F1score:	0.24561403508771928
==================================================================
TP:	14.0
TN:	89580.0
FP:	0.0
FN:	86.0
