Herbrant distance:	16386.0
Herbrant accuracy (classic normalization):	0.5607323807736644
Hscore (Herbrant score: new normalization):	0.018155671400323592
Accuracy:	0.5595398096876512
Precision:	0.018155671400323568
Recall:	1.0
F1score:	0.03566384180790961
==================================================================
TP:	303.0
TN:	20513.0
FP:	16386.0
FN:	0.0
