Herbrant distance:	755.0
Herbrant accuracy (classic normalization):	0.9948992000864771
Hscore (Herbrant score: new normalization):	0.01948051948051943
Accuracy:	0.9948957516428243
Precision:	1.0
Recall:	0.01948051948051948
F1score:	0.03821656050955414
==================================================================
TP:	15.0
TN:	147146.0
FP:	0.0
FN:	755.0
