Herbrant distance:	2397.0
Herbrant accuracy (classic normalization):	0.9332535085765203
Hscore (Herbrant score: new normalization):	0.01479654747225645
Accuracy:	0.9330671283368703
Precision:	0.04004449388209121
Recall:	0.022929936305732482
F1score:	0.029161603888213847
==================================================================
TP:	36.0
TN:	33379.0
FP:	863.0
FN:	1534.0
