Herbrant distance:	2046.0
Herbrant accuracy (classic normalization):	0.9859532048113363
Hscore (Herbrant score: new normalization):	0.05189990732159411
Accuracy:	0.9859432646527382
Precision:	0.0638904734740445
Recall:	0.21663442940038685
F1score:	0.09867841409691631
==================================================================
TP:	112.0
TN:	143395.0
FP:	1641.0
FN:	405.0
