Herbrant distance:	45.0
Herbrant accuracy (classic normalization):	0.9993698096825241
Hscore (Herbrant score: new normalization):	0.7383720930232558
Accuracy:	0.9993689082112054
Precision:	0.7383720930232558
Recall:	1.0
F1score:	0.8494983277591973
==================================================================
TP:	127.0
TN:	71133.0
FP:	45.0
FN:	0.0
