Herbrant distance:	3740.0
Herbrant accuracy (classic normalization):	0.8931184270690443
Hscore (Herbrant score: new normalization):	0.03209109730848858
Accuracy:	0.89281210592686
Precision:	0.032091097308488616
Recall:	1.0
F1score:	0.062186559679037114
==================================================================
TP:	124.0
TN:	31028.0
FP:	3740.0
FN:	0.0
