Herbrant distance:	689.0
Herbrant accuracy (classic normalization):	0.9940018107741059
Hscore (Herbrant score: new normalization):	0.032303370786516905
Accuracy:	0.9939965844137739
Precision:	0.0942622950819672
Recall:	0.04684317718940937
F1score:	0.06258503401360545
==================================================================
TP:	23.0
TN:	114056.0
FP:	221.0
FN:	468.0
