Herbrant distance:	2073.0
Herbrant accuracy (classic normalization):	0.9881958363702624
Hscore (Herbrant score: new normalization):	0.01846590909090906
Accuracy:	0.9881891109642426
Precision:	0.04875
Recall:	0.028867505551443375
F1score:	0.03626220362622036
==================================================================
TP:	39.0
TN:	173404.0
FP:	761.0
FN:	1312.0
