Herbrant distance:	153.0
Herbrant accuracy (classic normalization):	0.998776
Hscore (Herbrant score: new normalization):	0.2233502538071066
Accuracy:	0.9987750102082482
Precision:	0.5945945945945946
Recall:	0.2634730538922156
F1score:	0.3651452282157677
==================================================================
TP:	44.0
TN:	124702.0
FP:	30.0
FN:	123.0
