Herbrant distance:	2083.0
Herbrant accuracy (classic normalization):	0.9881129017531045
Hscore (Herbrant score: new normalization):	0.01513002364066196
Accuracy:	0.9881060463310322
Precision:	0.9411764705882353
Recall:	0.015144344533838144
F1score:	0.02980903586399627
==================================================================
TP:	32.0
TN:	173016.0
FP:	2.0
FN:	2081.0
