Herbrant distance:	2.0
Herbrant accuracy (classic normalization):	0.9999055489964581
Hscore (Herbrant score: new normalization):	0.9805825242718447
Accuracy:	0.9999050963272279
Precision:	0.9805825242718447
Recall:	1.0
F1score:	0.9901960784313726
==================================================================
TP:	101.0
TN:	20971.0
FP:	2.0
FN:	0.0
