Herbrant distance:	2523.0
Herbrant accuracy (classic normalization):	0.9197084937784425
Hscore (Herbrant score: new normalization):	0.2906944053978071
Accuracy:	0.9194521597548128
Precision:	0.29069440539780717
Recall:	1.0
F1score:	0.4504465258113701
==================================================================
TP:	1034.0
TN:	27766.0
FP:	2523.0
FN:	0.0
