Herbrant distance:	210.0
Herbrant accuracy (classic normalization):	0.9981399962799926
Hscore (Herbrant score: new normalization):	0.09482758620689657
Accuracy:	0.9981383473843781
Precision:	0.14285714285714285
Recall:	0.22
F1score:	0.17322834645669288
==================================================================
TP:	22.0
TN:	112571.0
FP:	132.0
FN:	78.0
