Herbrant distance:	509.0
Herbrant accuracy (classic normalization):	0.9965054649310705
Hscore (Herbrant score: new normalization):	0.015473887814313358
Accuracy:	0.9965029920372648
Precision:	1.0
Recall:	0.015473887814313346
F1score:	0.03047619047619048
==================================================================
TP:	8.0
TN:	145036.0
FP:	0.0
FN:	509.0
