Herbrant distance:	189.0
Herbrant accuracy (classic normalization):	0.997130407057073
Hscore (Herbrant score: new normalization):	0.0052631578947368585
Accuracy:	0.9971260435199124
Precision:	1.0
Recall:	0.005263157894736842
F1score:	0.010471204188481674
==================================================================
TP:	1.0
TN:	65573.0
FP:	0.0
FN:	189.0
