Herbrant distance:	181.0
Herbrant accuracy (classic normalization):	0.997994459833795
Hscore (Herbrant score: new normalization):	0.21645021645021645
Accuracy:	0.9979922351636162
Precision:	0.3968253968253968
Recall:	0.3225806451612903
F1score:	0.35587188612099646
==================================================================
TP:	50.0
TN:	89919.0
FP:	76.0
FN:	105.0
