Herbrant distance:	39344.0
Herbrant accuracy (classic normalization):	0.3804484756865709
Hscore (Herbrant score: new normalization):	0.006464646464646506
Accuracy:	0.37947132673017475
Precision:	0.006464646464646465
Recall:	1.0
F1score:	0.012846246487354475
==================================================================
TP:	256.0
TN:	23804.0
FP:	39344.0
FN:	0.0
