Herbrant distance:	5818.0
Herbrant accuracy (classic normalization):	0.8816324869791666
Hscore (Herbrant score: new normalization):	0.016731451749197213
Accuracy:	0.8813911767104298
Precision:	0.016839598571185575
Recall:	0.7226277372262774
F1score:	0.03291223404255319
==================================================================
TP:	99.0
TN:	43135.0
FP:	5780.0
FN:	38.0
