Herbrant distance:	243.0
Herbrant accuracy (classic normalization):	0.9972498868266184
Hscore (Herbrant score: new normalization):	0.13523131672597866
Accuracy:	0.9972467397092648
Precision:	0.17194570135746606
Recall:	0.3877551020408163
F1score:	0.23824451410658304
==================================================================
TP:	38.0
TN:	87978.0
FP:	183.0
FN:	60.0
