Herbrant distance:	365.0
Herbrant accuracy (classic normalization):	0.9974013769142597
Hscore (Herbrant score: new normalization):	0.010840108401083959
Accuracy:	0.997399506975021
Precision:	1.0
Recall:	0.01084010840108401
F1score:	0.021447721179624665
==================================================================
TP:	4.0
TN:	139989.0
FP:	0.0
FN:	365.0
