Herbrant distance:	1340.0
Herbrant accuracy (classic normalization):	0.9800713860797144
Hscore (Herbrant score: new normalization):	0.032490974729241895
Accuracy:	0.9800414066339981
Precision:	0.09278350515463918
Recall:	0.047619047619047616
F1score:	0.06293706293706293
==================================================================
TP:	45.0
TN:	65754.0
FP:	440.0
FN:	900.0
