Herbrant distance:	3473.0
Herbrant accuracy (classic normalization):	0.9540881750280917
Hscore (Herbrant score: new normalization):	0.018649335970613135
Accuracy:	0.9540274008868886
Precision:	0.01867043847241867
Recall:	0.9428571428571428
F1score:	0.03661581137309293
==================================================================
TP:	66.0
TN:	72006.0
FP:	3469.0
FN:	4.0
