Herbrant distance:	706.0
Herbrant accuracy (classic normalization):	0.9771713121645218
Hscore (Herbrant score: new normalization):	0.062416998671978696
Accuracy:	0.9770965125709651
Precision:	0.07592891760904685
Recall:	0.2596685082872928
F1score:	0.1175
==================================================================
TP:	47.0
TN:	30072.0
FP:	572.0
FN:	134.0
